7007
5385
5385
0
3539
10237
6698
6698
6698
8154
8154
8154
6698
6698
6698
6698
6698
6698
6698
6698
6698
7824
10988
6698
6698
6698
28262
14985
20801
18478
21845
43746
36471
43622
45896
37806
48832
57925
60922
55062
57988
55924
41611
46340
50108
46601
41897
35568
38919
32422
23338
24606
24606
24606
21846
28600
28600
21846
21846
28600
28600
28600
21846
21846
21846
24595
21846
21846
21846
14695
21846
21846
21846
21846
21846
21846
21846
21846
21846
21846
21846
21846
21846
21846
21846
21846
21846
21846
23694
23694
23694
23694
23694
23694
23694
25375
25375
27499
23694
30576
31286
23694
31286
40643
21846
32428
32428
35706
35706
35706
35706
35706
21846
38749
41899
41885
41885
36919
36919
36919
35973
25985
25985
16880
25985
25985
26802
16880
24101
28332
16880
19260
19260
19260
19260
19260
19260
19260
19260
19260
19260
16880
16880
16880
16880
14110
14110
14110
14110
14110
14110
14110
14110
14110
14110
14110
14110
14110
14110
14110
14110
14110
14110
14110
14110
14110
18228
18228
19683
19683
19683
24526
24526
24526
24526
24526
24526
24526
17441
17441
17441
17441
17441
23450
23450
23450
23450
23450
23450
23450
23450
20424
11199
20424
20424
20424
20424
20424
20424
11199
20424
17815
18083
18083
18083
18083
18083
18083
18463
18463
18463
12583
13835
15063
12583
9826
9826
7346
17138
17138
23326
14302
21880
11519
19626
19865
24006
24006
24006
24006
24006
24441
31148
31148
23351
29684
29684
12166
29684
30298
16299
37194
37194
37194
45198
45437
18588
28309
45437
45437
45437
45437
46566
49876
49876
44582
42969
50987
50987
50748
43096
50104
14991
33448
40695
40695
7428
40695
30308
44684
35938
35938
35938
29244
29244
27162
27162
27162
19915
12786
28321
28321
36088
36088
33245
33245
8297
8297
36885
32397
23864
23864
7449
17943
17943
17943
17761
19234
19234
7449
21937
13875
11465
10152
10152
13896
13896
13896
13896
13896
13896
13896
13896
13896
13896
13896
13896
16418
16418
16418
25334
25334
25334
25334
25334
25334
25334
25334
20016
20016
20016
20016
20016
20016
19232
19232
19977
24239
28018
28018
27769
38009
38009
24239
24239
24239
24239
21256
21430
24390
24216
24216
30902
37254
37584
37584
44436
53407
53341
57096
57096
42177
65047
49754
65047
53170
60207
61032
42535
57828
55185
63140
63140
66564
68075
68075
73632
79239
86904
91177
91938
82192
74508
50805
76880
32720
76880
76880
76880
77094
85622
82265
75734
47872
67183
61470
41735
41735
71187
78538
78538
78538
78538
87204
94810
102813
108016
108016
114074
107872
34961
107978
107978
52996
104689
104689
104689
34961
100728
59225
97867
66746
103423
95730
100839
100839
60800
100839
101032
101032
107287
72744
72744
112976
112976
112976
115062
115062
115062
115062
120182
120182
114707
114707
111088
92526
115022
107261
105398
99376
69123
103531
104036
107065
107065
98537
107065
107065
107065
107065
107065
109417
109417
109986
118279
121891
121809
72721
121809
115493
115493
115493
115493
69787
72721
115493
120791
120791
120791
78019
98129
107318
107318
101024
99072
99072
99072
92891
63592
96400
80503
96849
96849
96849
96849
99943
99943
96609
101297
91380
57670
87139
87139
87139
84256
80513
81924
81924
81924
73110
73110
73110
73110
64649
64649
72965
55304
76156
75178
74744
74744
74744
84218
86197
86727
55304
86727
95819
99201
98666
98666
108333
104628
104628
104628
106621
106621
114987
101235
116800
111033
111033
111033
56216
54769
108826
106559
87377
101484
54769
104205
54769
117179
78069
74501
97128
114108
121715
54769
119718
121949
113828
113828
115525
115525
114095
118297
57000
118297
103378
128178
103378
128178
76717
76717
117049
127994
120140
136993
127866
76717
123576
123576
128696
76717
117377
118816
117377
76717
94352
106905
106905
76717
106905
106905
80397
96388
92656
84802
67853
67853
92656
92656
67853
101119
101119
101119
93583
93583
93583
85058
77230
77230
77230
73308
90413
72113
92325
96819
96819
96819
89812
70442
114336
102061
114336
107001
107001
114037
74024
86255
110700
109527
74024
112218
112218
112218
112218
88946
120423
124329
132847
132847
119359
135252
139338
139338
135252
138437
147406
147406
142655
102209
154063
157094
144039
79979
147159
143386
79979
141508
141508
146941
155945
155945
129331
149910
149910
79979
79979
134137
133427
114743
125920
125920
125920
125920
82369
106011
117188
110733
99556
113352
113352
110733
116961
75720
101407
122016
122016
119940
135290
108763
83076
152317
121003
145726
83076
135407
110972
135407
137635
83076
98352
83076
83076
83076
134742
128917
128917
128917
111152
111152
130913
131619
105952
131619
104933
136694
89217
104700
132053
132053
137499
97953
129066
127011
126319
126319
125065
127318
126662
123271
120939
123473
128979
97888
137672
97888
134521
79646
106330
142763
149736
157266
79646
148678
135557
140824
96661
144186
103292
147455
157334
157334
143065
163131
150141
86221
171934
176127
152604
184482
81441
179702
180926
152040
81441
81441
155437
81441
81441
165477
174073
81441
182602
182602
168120
182602
176749
175677
149035
170929
81441
149035
184392
183480
183550
183550
176231
175292
81441
165875
166995
167917
163218
131415
165844
172554
138195
175257
169031
95614
168924
166221
174992
137340
95412
174919
179749
139429
182452
182452
155077
180445
178275
182468
141452
132588
81441
162550
158108
162101
132705
166958
133084
155317
162557
167255
160956
165654
166890
166890
130173
80080
166171
165013
168135
83202
83202
174107
178134
184970
184970
178042
168695
84556
146404
187999
83202
83202
181501
181955
181955
181955
92171
92171
92171
190924
190924
190683
190683
199755
102722
92171
192448
192448
200338
198048
198048
198048
198048
198048
90739
196616
196616
187419
187419
187419
187419
90739
179448
185749
184447
184447
184447
184447
90739
192200
192200
90739
90739
192724
141459
138387
190580
138134
199360
102923
188694
198041
206459
208855
208855
214123
100071
223885
220916
211947
204310
83991
148935
207153
83991
224396
224396
159610
224396
105680
231071
228321
99022
219954
219954
83991
208304
208304
204780
204780
208957
208957
202874
201386
202594
206784
213540
220202
212058
158549
98198
105275
86207
216976
216976
222453
219773
88178
86207
229194
88178
94244
169320
215286
86207
94663
182373
221771
225246
116315
227543
222480
213099
204727
114609
216627
216627
184939
220132
217589
213416
184659
184659
89186
210727
115450
180426
206917
206917
207025
207025
203277
203277
92595
209382
93656
175172
110960
92595
110960
208322
207345
205436
205177
170732
208769
213010
215435
215176
207348
209852
210923
213606
92595
121410
217430
209864
214958
207394
119663
202639
206693
206693
157876
201224
201224
188778
193265
203937
161982
207135
215525
102500
126690
175937
215751
214458
208669
183443
224404
233425
240923
231334
238400
230561
189248
217347
109998
229958
198223
241396
166154
237370
134570
121778
109998
109998
247785
242163
121778
206423
231203
206423
135040
234464
136803
236227
211277
211277
235493
182672
235409
235409
230633
230633
152213
161448
139761
109945
248483
178466
145253
252634
126213
240264
248439
172116
108823
243810
243810
228903
243757
189602
177412
177412
240326
240326
236541
236612
105038
106334
98402
234672
174528
135520
237059
237059
232138
232138
232138
97316
187205
251318
135633
247068
237639
97316
237639
198338
232976
182529
223201
97316
169031
219478
97316
214132
214132
212995
210818
133997
211414
211414
208537
164483
199121
95016
145863
199121
199424
199467
96042
196851
196851
205785
205785
96042
200993
204158
96042
155389
204158
159319
213934
213934
213934
138044
209651
209651
152095
152095
198300
96042
113284
192002
114092
193187
96042
118858
159309
186935
186935
186935
96042
179102
182401
96042
96042
96042
187026
187026
177276
177276
177276
96042
169901
169901
160954
166399
173040
96042
173040
173040
126759
177483
170628
124347
102965
162454
100485
162454
162454
100485
155655
151035
151035
100485
151035
145412
147694
100485
142753
142753
135475
100485
100485
140377
100485
140377
136089
136089
100485
122447
122447
126231
132032
132032
132032
126318
126318
104269
122041
122041
122041
104269
130348
133708
140992
150806
154258
154258
154258
154258
115614
125825
143575
111323
111323
142813
142813
132887
125315
121632
111323
120452
120452
118446
121754
118446
128542
138143
133543
118446
133543
120324
141972
141622
138126
138126
138126
138126
138126
118446
147317
147317
134098
152078
159276
144570
152804
152510
152510
136605
147559
138098
146565
137104
148662
145299
135441
133741
137314
133920
140958
131239
126763
118206
118830
115695
115695
113133
113133
129386
129386
129386
129386
121821
137037
137037
129472
120106
142765
136543
129425
139469
136632
136632
136632
136632
117635
135701
117635
135739
130549
130549
128049
131961
135663
134873
113451
144788
144788
85595
113451
167362
173707
173707
131683
174536
176942
132512
113451
184759
181620
188106
188106
188106
137190
141924
184261
164281
142686
193602
173622
193602
201093
142686
201093
194759
198370
203920
203920
194432
194318
138482
187208
99869
191427
197678
197678
197678
201636
198274
199454
198576
208954
218775
208397
218775
216745
154350
206367
206367
216745
206763
206763
189655
193711
197325
191335
205327
205327
205327
205327
214882
132267
204544
198260
132267
207932
207932
212816
206636
142829
206268
206268
206268
173586
204511
204511
134002
201710
186448
206625
206625
45902
212171
209370
136116
199855
195409
204682
204682
206372
94092
206372
206372
205423
205423
208753
170284
170284
207807
199051
206143
168620
94092
158664
132099
198280
95236
97762
203713
207076
210406
210406
204207
94092
207806
198651
206490
206490
206490
206490
136908
136908
198781
198781
130389
198037
198037
170053
192855
192855
199280
199033
191695
193589
193589
186186
192150
192150
193550
193550
94092
192696
170871
171317
193278
94538
193278
197162
197162
94538
155542
210394
210394
210394
210394
169567
169567
191790
194718
197158
94538
199162
139866
116649
199162
203349
203349
203349
211952
211952
211952
206594
210358
210358
151062
201850
201850
201850
201850
207282
206055
197056
193726
193736
193736
101595
97839
191759
188429
185297
190569
188944
190333
190847
183195
129987
168826
168826
168826
164612
125352
173319
182776
142727
175191
175191
166758
168166
168166
118791
167804
131050
162726
162726
163106
158910
93018
93018
110759
104301
135645
135645
135645
135645
93018
127557
127557
127557
127557
93018
129624
131291
133980
133181
93018
128658
134941
130980
125084
131195
130011
139809
139809
132086
118393
108557
122850
117633
117633
109479
110953
113565
120507
103507
114986
111506
111506
79242
118111
94360
119331
94360
119331
92486
107478
84714
96368
88561
75904
75904
76705
83824
75904
78219
87180
83433
85984
85984
85725
75904
85725
75904
81850
81725
87368
81725
87414
87414
84141
84141
84141
84141
84975
84975
91435
84975
82037
75904
76720
75904
75904
75904
75904
75904
75904
75904
75904
75904
75904
75904
75904
75904
75904
75904
75904
75904
75904
75904
80680
80680
80680
80680
80680
80680
80680
80680
80680
81831
80680
80680
86672
86672
86672
80680
86672
81810
81810
80680
80680
80680
80680
80680
80680
80680
80680
80680
80680
80680
80680
80680
80680
80680
80680
79299
79299
79299
79299
79299
79299
79299
79299
79299
79299
79299
79299
79299
79299
73239
73239
73239
73239
73239
73239
73239
73239
73239
73239
73239
73239
73239
73239
73239
73239
73239
73239
73239
73239
73239
73239
73239
73239
73239
73239
73239
73239
73239
73239
73239
73239
73239
73239
73239
73239
73239
73239
73239
73239
73239
73239
73239
73239
73239
73239
73239
73239
73239
73239
73239
73239
73239
73239
73239
73239
73239
73239
73239
73239
73239
73239
73239
73239
73239
73239
73239
73239
73239
73239
73239
73239
73239
73239
73239
73239
73239
73239
73239
73239
73239
73239
73239
73239
73239
73239
73239
73239
73239
73239
73239
73239
73239
73239
73239
73239
73239
73239
73239
73239
73239
73239
73239
73239
73239
73239
73239
73239
73239
73239
73239
73239
73239
73239
73239
73239
73239
73239
73239
73239
73239
73239
76614
76614
76614
76614
76614
76614
76614
76614
76614
76614
76614
76614
76614
76614
76614
76614
76614
76614
76614
76614
76614
76614
76614
76614
76614
76614
76614
76614
76614
76614
76614
83082
83082
83082
83082
83082
83082
83082
83082
83082
83082
83082
83082
83082
83082
83082
83082
83082
83082
83082
83082
83082
83082
79744
79744
79744
79744
79744
79744
79744
79744
79744
79744
79744
79744
79744
79744
79744
79744
79744
79744
79744
79744
79744
79744
79744
79744
79744
79744
79744
79744
79744
79744
79744
79744
79744
79744
79744
79744
79744
79744
79744
79744
79744
79744
79744
79744
79744
79744
79744
79744
79744
79744
79744
79744
79744
79744
79744
79744
79744
79744
79744
79744
79744
79744
79744
79744
79744
79744
79744
79744
79744
79744
79744
79744
79744
79744
79744
79744
79744
79744
79744
79744
79744
79744
79744
79744
79744
79744
79744
79744
79744
79744
79744
79744
79744
79744
79744
79744
79744
79744
79744
79744
79744
79744
79744
79744
79744
79744
79744
79744
79744
79744
79744
79744
79744
79744
79744
79744
74453
74453
74453
74453
74453
74453
74453
74453
74453
74453
74453
74453
74453
74453
74453
74453
74453
74453
74453
74453
74453
74453
74453
74453
74453
74453
74453
74453
74453
74453
74453
74453
74453
74453
74453
74453
74453
74453
74453
74453
74453
74453
74453
74453
77848
74811
74811
74811
81718
74453
81718
81718
74453
81718
81718
81718
81718
83294
77171
68330
77171
77171
68330
83822
83822
83822
76999
70245
74385
72178
81857
68330
85704
76989
76989
79990
78449
81748
75141
68330
73074
79927
79927
79927
79255
79255
79255
68330
79255
79255
68330
68330
75394
68330
73352
73400
73400
73400
80991
68378
83017
83017
88383
92537
92537
92537
92537
92537
101579
97849
102078
98708
71182
89254
89254
80705
68378
82164
72898
68378
68378
68378
68378
68378
68378
68378
68378
68378
68378
68378
68378
68378
68378
68378
68378
68378
68378
68378
68378
68378
68378
68378
68378
68378
70265
68378
71126
71126
71126
73990
73990
68378
74134
74134
68378
68378
76299
76299
74169
77905
77905
77761
64760
68946
68946
68946
68946
68946
70485
75445
75445
70837
70837
70837
70837
70837
70837
70837
70837
68258
68258
68258
68258
68258
68258
68258
77859
77859
71895
80778
80778
64760
80778
80991
80991
80991
80778
80778
84457
84457
88597
88597
88597
88597
88597
88597
96217
96217
92538
92538
92538
92538
84389
89208
89208
96562
96562
100810
100810
100810
100810
100810
100810
100214
100214
100214
80970
100214
100214
100214
100214
100214
100214
100214
100214
100214
97281
97281
96234
89318
89318
88448
79416
82664
82664
82664
82664
92215
81931
92215
89897
81931
99119
99119
99119
99119
99119
99119
95295
95295
95295
95295
95295
95295
93272
93272
93272
93272
93272
93272
93272
90440
90440
81931
90440
90440
90440
93616
93616
93616
93616
93616
93616
93616
93616
89210
102130
102130
98882
99053
99053
99053
99053
99053
99053
100917
100917
100917
105039
105039
105039
103861
103861
103861
103861
103861
108007
108007
99775
99775
99775
101470
101470
101470
101470
101470
101470
101470
108746
115281
115281
115281
115281
119292
119292
120769
120769
120769
120769
111923
111923
111923
111923
107460
107460
107460
107460
107460
116817
116817
116817
116817
116817
116817
116817
123721
130798
130798
130798
130798
130798
121045
121045
103904
113918
113918
104974
113388
113388
118619
116157
91465
124841
103195
120691
118273
124068
127598
127598
127598
127598
91465
127598
124068
120624
121694
121694
121669
121669
121669
117094
121669
121669
117094
121669
91465
121669
121669
121669
131140
91465
131140
123021
137533
140951
140951
148467
130537
155108
108891
155108
158551
150464
148544
150464
158673
158673
129091
83378
155077
155077
155077
155077
155077
155077
155077
155077
155077
155077
148313
125495
131628
148313
148313
148313
125495
148167
148167
149249
143832
143832
152974
152974
152974
152974
152974
156054
147880
156698
156698
160681
160681
160681
163568
135281
162695
157545
157545
157545
151675
151675
145566
142522
142522
66290
139691
140335
140335
142160
68231
142160
109718
142160
146466
146466
146466
143157
150686
150686
159458
119743
162584
162584
162584
157329
164856
169471
92150
175838
170307
170307
170307
144111
93073
176761
173752
176794
176794
175174
94495
175174
140548
173198
134006
166656
166656
169488
175067
180950
187936
187936
187936
192061
190284
190284
190284
196797
206505
196654
196654
196654
196654
199408
203434
203434
203434
147232
147232
211030
117094
208689
160006
213867
205149
160006
129119
160006
210428
210428
210428
212799
212799
210228
154040
210228
209189
209189
209189
209189
153001
209189
201222
201222
191719
191719
191555
196654
196654
203086
131117
201818
161408
161408
198684
198684
204148
145347
155908
77307
197627
155908
203110
206224
206224
206224
121146
216777
216777
216777
211190
160053
217581
217581
217581
217581
210230
210230
201408
113795
215734
205857
205857
205857
205857
205857
159293
205857
205857
205860
205860
205860
203245
203245
205391
156681
202155
192631
199133
156523
200134
204501
114796
204501
122843
212548
169938
217332
215064
163138
166216
208826
208826
208826
208826
208826
199118
199118
199118
94573
190657
199553
192184
195366
159690
190637
190637
190637
111588
77307
141887
180641
173197
87407
166456
161854
155315
80868
155315
158444
128896
159970
152202
143442
143442
143442
143442
149435
149435
149435
156375
156375
156375
147402
147402
147402
147402
147402
153002
122658
153002
159634
169448
169448
169448
96229
175163
177586
177586
169055
169055
160527
160527
80090
147242
160527
98124
159999
155298
151209
156086
156086
147735
147735
139658
144372
144372
144372
138653
138653
138653
144856
136502
140903
140903
140903
140903
140903
140903
122316
150225
154588
141871
166523
166523
174365
181006
181006
171024
169458
165028
155783
156899
148147
156899
156899
148147
156899
142034
152242
152242
155996
155996
155996
155430
163082
165691
171556
161596
171556
171556
171556
168399
158840
85095
153772
153772
153772
146969
99704
99704
147853
147853
147853
146969
147853
149462
149462
149462
149462
109655
156920
156920
155560
155560
155560
154531
154531
154531
161517
162781
159859
159859
162425
159957
159957
116285
156203
165283
165283
165283
155724
155724
152284
161893
157303
157303
152617
116335
149132
84581
149132
148082
163213
167234
88238
165055
128778
161875
161875
161875
171257
171257
88238
171257
171257
169130
154341
110448
165397
165397
169071
166050
166050
115617
158496
161447
161447
161447
165070
86169
165070
167600
116854
172331
174090
174090
177126
164528
183095
173875
173875
146190
158785
158785
156092
178540
178540
178540
156092
188234
182621
173159
181390
171562
106293
122182
172435
172435
172435
122182
97286
175286
168765
82215
168765
168141
124361
166596
165616
164866
155253
155253
151252
143445
149637
145114
146268
146268
143786
82215
140062
140062
82215
140062
110798
149951
149951
149951
149951
149951
154105
154105
154105
82215
150332
150332
147365
104058
82215
147365
141611
149942
106171
157632
157632
81751
121123
164430
90779
86698
165173
165173
165173
165173
169986
162763
160561
116048
162107
116048
162107
162107
166219
166219
166219
166219
86698
173096
174324
174324
177747
177747
127037
133492
125537
176247
176247
176247
171739
171739
133573
185291
185291
178412
178412
179006
179006
179006
179006
179006
180215
181376
181376
129064
173675
170533
168063
168063
98312
168063
168063
176972
185100
185100
185100
185100
185100
176497
79386
176497
169117
169117
122914
122914
129979
183810
183810
183810
125920
172482
172482
95681
172842
172842
169415
160757
160757
160757
160757
110353
160757
160231
160955
160955
160955
160955
160955
148206
162668
162961
162961
154062
70437
116663
176677
176677
168888
117760
175499
115679
115679
168901
160906
162309
160607
160607
160607
160607
117082
107118
152731
117082
152150
116501
146564
141943
141943
135714
139508
147995
147995
147995
147995
147995
147995
147995
157704
159804
169149
97465
165000
165000
97465
159009
159009
159009
159009
126226
159009
95881
150231
148501
148501
148501
148501
149716
87103
149716
144374
144374
75547
144374
144374
144374
136269
96064
73801
122102
122102
122102
122102
124476
76175
76175
124476
124476
124476
67695
74193
78832
93135
78832
116573
116573
116573
116573
106897
106897
106897
69786
116752
121913
98475
132286
140015
140015
84172
140015
136943
74947
128723
128723
128723
128723
128723
130496
130496
99309
132739
142121
142121
142121
142121
142121
142121
134051
134051
134051
139280
79963
135071
95100
135071
128549
126441
131375
128092
90810
123757
129452
121055
83550
121055
119840
119840
119840
119840
119840
114822
83550
109225
109225
83550
109225
116900
116900
125572
91225
129235
124962
124962
124962
126847
126847
126847
127252
118967
118967
118967
128814
128814
137088
127307
118895
118895
118895
121024
88317
128944
128944
138877
130728
130728
130728
132073
132073
126120
134419
104286
138829
138829
137130
130754
130754
128301
128301
96006
126301
122228
91933
92225
91933
91933
117531
117531
117531
88317
131344
138295
138295
137777
133794
132792
132792
132792
125866
130178
123919
122223
126183
125768
87799
122048
122048
122048
125790
125790
125790
125790
129881
122479
124569
124569
124569
124569
125373
125373
125373
125373
125373
116284
114490
118032
115780
115016
115016
119163
125415
125415
124601
124601
132883
132883
132883
132883
80397
130507
140336
140336
144085
144085
144085
80397
147446
144021
137159
137159
137159
138407
80397
80397
143823
143823
143823
143823
80397
137566
137646
137646
137646
80397
137646
146174
146174
146174
148656
90451
148656
148656
153376
80397
160043
157564
152237
152237
147714
75070
145841
136180
136180
138122
65409
135732
143368
134068
134068
126422
63019
132634
132634
132634
126716
126716
126716
63019
136176
136176
136176
63019
144910
153353
152326
143352
64201
143005
143005
143005
145006
145006
147805
146315
146315
140429
140429
140429
140429
140429
141272
139920
144910
154823
154823
82973
158494
158494
156814
156814
156814
165810
165015
61529
165015
165015
165015
171627
171627
166238
166997
166997
169743
169743
169743
61529
94097
178367
95531
178367
185255
185255
185255
185284
96057
187186
187186
96057
189595
189595
199340
207170
207777
207808
207808
207808
217359
217359
217359
214663
217917
217917
217696
226068
226068
220787
220787
219292
220195
220739
226757
231871
231871
95599
231871
65842
240992
239215
229762
229762
231931
231931
231533
231533
148697
231533
234525
234525
231069
231069
231069
231069
226940
100342
227149
137666
224760
123176
231469
231469
113786
113786
113786
115456
229100
229100
90119
229100
221693
222097
229485
229485
229485
229485
131982
58877
229485
229485
229485
229485
230452
237320
237320
107079
225830
233723
104780
228921
228921
235842
235842
235842
235842
239148
233892
151223
233892
243295
243295
243295
243295
251013
255655
255655
255655
261243
261243
167665
143707
267348
139901
131310
131310
270396
268788
186119
268788
268788
268788
264819
257980
261532
262117
118894
262157
261383
261383
267935
261327
266353
128264
270764
279775
266406
127503
259864
269255
267055
273039
271171
262275
266631
148263
264171
264171
267733
276033
282484
289938
289938
289938
289938
290426
290426
290426
290426
296785
302229
126794
229762
308155
299327
307389
307389
307389
307389
307389
307389
307389
307389
166079
130052
313585
313585
313585
313585
313585
85904
316906
316906
316906
307733
161043
316385
316385
316385
314350
189889
320193
186187
320193
186187
115448
320193
115448
320193
319415
325486
333488
333488
333488
338275
338275
338275
342033
342033
342033
334381
334381
334381
113862
325815
325815
325815
325815
321536
321536
316970
136334
314640
324479
324479
324479
334113
334113
334113
275439
332716
338561
338561
338561
341440
341440
341440
341440
151848
341440
343041
343041
343041
343041
337833
210308
355451
355451
350118
135479
350118
131661
348271
348271
155090
345278
351605
351605
351605
348285
356752
356752
350838
350838
357985
348469
351285
351285
351125
103751
105966
357620
357620
357620
308800
105626
358233
367311
367311
359626
114683
367299
360864
172420
112468
356555
356555
356555
355601
349007
164872
361358
363943
363943
104920
354352
354352
359685
359685
359685
359685
351325
351325
341728
338382
338382
338382
348230
287250
104920
342976
191786
342976
342976
104920
104920
342020
349943
343151
343151
343151
343151
343151
350366
350366
341131
344961
340823
334201
205184
334201
95768
342824
342824
342824
344758
342330
342330
334850
334850
334850
334850
327985
333421
333421
333421
329031
324008
324008
324008
324008
324008
319638
319638
134100
317023
315941
184337
324520
324520
95685
179494
319677
319677
318345
318345
327475
327475
332813
340318
179087
121689
326367
116856
331437
328356
95685
328356
328356
328356
334256
334256
95685
334462
342903
342479
342479
342479
342479
342479
342479
342479
187828
339085
339085
334570
334570
333928
333928
338808
341340
345800
347614
347614
347614
351283
95685
351283
341764
260574
347079
344490
344490
344490
345897
345897
345897
345897
113344
338465
337295
93384
344947
339440
339440
87877
333454
333454
333454
338839
338839
192264
344671
344671
340748
87877
340748
340352
87877
340352
340352
340352
190620
340757
87877
331915
182183
337008
337008
341840
195400
341840
349625
354724
354724
354724
354724
354596
347500
344068
344068
344068
140849
125355
344068
352735
87877
87877
361935
361935
87877
363421
363421
367321
367321
87877
347002
365608
365608
370520
276537
370520
370520
370520
370516
370516
370516
367865
367865
222515
367865
367865
367635
367635
357637
87877
362042
354228
350073
350073
353196
353196
353196
353196
353196
353196
353196
360774
360774
360774
83722
83722
360774
299081
83722
358733
126162
358733
358733
83722
356079
356079
357018
366804
376131
376131
367502
363874
84661
354222
347994
343275
349720
349720
356799
356799
356799
210928
370981
370981
367313
367313
373476
377484
91742
370978
370978
370978
370978
370978
370978
370978
370978
90803
153732
260887
367810
357988
357988
357988
357988
259799
357988
348864
358343
354567
354567
215218
358009
98053
208010
348654
348654
348997
352168
344100
344100
344100
81448
178521
337291
337408
81448
340648
335838
81448
331147
321887
159561
319578
319578
319578
319578
323175
82695
323175
201868
326157
326157
326157
326157
330135
330135
330135
82695
332274
332274
332274
333885
333885
333885
333885
82695
333885
333885
333885
333885
169379
333885
342553
342553
335752
326879
101864
326879
106731
330328
330328
321767
321767
331122
236997
74134
111480
335657
335657
328689
328689
335324
335324
74134
337108
342837
342837
342837
342837
342837
74134
342475
333566
333566
333566
333566
333566
342779
74134
344296
344296
74134
335719
344557
344557
79196
341526
341526
341526
341526
332644
332644
110860
340652
335679
343562
343562
336391
237371
336845
331768
331768
189846
331768
330616
334733
334733
324904
99817
322980
319866
324301
331474
237077
331474
337329
343436
180141
333919
323944
323944
182022
70113
318327
318443
320325
320325
322323
321199
321199
321199
81098
314164
89211
314164
70113
156486
308976
308976
317365
317365
318365
318365
70113
318365
323066
70113
123967
313972
323385
323385
323385
323385
323385
79466
324364
328625
332993
332993
74374
348839
74374
74374
149740
229246
354580
355478
358021
358021
357512
359171
350143
352458
352458
352458
352458
352458
352458
265217
362386
76805
76805
165601
369558
371292
365688
365688
268519
365688
196051
375225
377814
377814
378917
381778
374089
374089
201863
74804
379537
388116
385008
392975
391385
391385
391385
74804
385477
385477
385477
394798
394798
122654
281223
400875
400875
405689
401448
401448
393608
393608
393608
386214
281658
169736
386953
384886
208567
208567
292088
394705
394705
393056
85244
396548
391179
109963
245338
386747
385779
85244
393550
125794
401997
392855
231047
392855
389888
137858
389888
389888
389888
389888
394694
394694
394694
393588
396708
396708
396708
396148
396148
398681
397250
301172
395128
395128
230200
386981
386981
103297
383810
389808
388218
103297
82575
380481
372800
82575
382004
377960
378624
382004
382004
371378
385743
395169
82575
99253
286444
377335
377335
286444
373952
373952
373952
373952
225962
366843
357762
363825
91895
360628
361775
291066
361775
359214
359214
185647
366881
372379
373225
381789
389965
389965
115647
389965
192907
381231
381231
381231
381231
383853
383853
391469
87854
393314
393314
308781
402493
82991
305348
393532
393532
82991
393532
393532
393532
393532
387181
387181
387181
384060
384060
384060
384060
381007
387198
387198
382068
382068
380262
380262
380262
380262
387536
387536
175966
82991
378222
82991
378222
378222
368942
372142
372142
165907
379214
282160
312356
189812
379319
371456
362086
362086
362086
366543
362051
370845
370845
370845
366315
360304
351011
351011
349845
349845
349845
349845
349845
82991
351332
351332
82991
346023
346023
346602
346328
349191
107751
340638
340638
348312
352660
352660
82991
366372
358276
358276
358276
358276
367289
371884
178114
375213
82991
372764
378261
378261
379830
222195
82991
378062
378062
378062
378062
375738
374329
374329
382635
382635
86376
380311
363985
380311
183052
82991
388207
381851
381851
376972
376972
373093
373093
373093
370898
370898
370898
82991
374190
373498
373498
373498
376055
308044
367742
369670
288059
375263
368586
82991
358685
358685
82991
362855
366854
366854
366854
364910
370560
370560
95176
370784
370784
363084
356015
354135
354135
356127
82991
82991
139787
347976
346725
350780
359720
356678
356678
87046
357589
357589
354074
353746
353746
353617
356933
87046
356933
356933
356933
348582
348582
350356
354283
354283
354283
346855
346855
346855
343261
263126
352105
352105
355694
354670
354670
83452
354781
349114
349114
349114
83452
349114
344697
348052
348052
348052
200931
342644
339048
334251
237694
257354
83452
343205
343205
343146
343146
340315
340315
254953
340315
349772
349772
351815
351815
83452
343289
352845
346180
346180
354627
282119
362036
337589
357856
364520
364520
370822
368072
83452
83452
361496
361496
358259
353114
353114
83452
157740
353114
353114
354003
354003
350322
344968
339784
344534
344534
344699
202956
354034
345059
353315
353315
353315
344158
83452
347665
347665
347665
343401
83452
83452
344334
340897
344848
339670
341386
343325
338033
338033
338033
344896
83452
341387
333871
324019
250984
83452
325140
320909
83452
320909
83452
320167
320167
321536
323370
322001
323370
322001
139408
323018
323018
323018
327928
327928
335544
337862
337862
337862
333478
333478
85286
337571
337571
337571
340677
340677
135024
85286
341966
341966
341966
340413
340413
85286
333669
333669
326246
334455
329391
329391
324388
318143
318143
85286
85286
325366
333486
123427
331903
331903
336680
336680
330790
330790
85286
337006
337006
337006
85286
337006
337006
334974
334974
334974
180648
334974
335708
335708
328245
328245
85286
347461
347461
348108
347461
85286
354324
354324
344520
341693
344995
350705
350705
127829
345689
345689
346883
85286
338571
85286
346163
346163
346163
346792
346792
346792
344711
85286
346744
347029
347029
347029
347029
356815
356815
355367
356640
355529
360678
358208
363204
363204
359670
359670
359670
84374
358758
357585
357585
84374
357585
357585
357585
357585
357585
351688
351398
349675
343555
341794
341794
84374
331330
331330
331330
253725
331342
330834
148085
335361
332722
332722
338838
338838
338838
84374
344128
347479
347479
347479
84374
84374
84374
337208
337208
336607
336940
188720
345097
352369
352369
91646
164158
352369
356476
356476
91646
353609
353609
347617
357431
91646
353901
353901
353901
362331
364516
364516
371264
371264
371264
371264
371264
371264
365357
363449
91646
362005
364675
365947
305173
367263
367263
367263
370528
91646
366169
280214
366169
368473
91646
365894
365894
372412
186454
376587
373721
373721
364177
355765
91646
353607
353607
353607
348978
348978
348978
348978
356543
91646
358055
91061
358055
358055
359036
366271
365851
365851
363220
354777
354777
358752
91061
362362
94978
365820
365071
365071
365071
362129
362129
362129
355654
216858
355654
355654
91061
355654
174160
361123
361123
361123
356862
356862
170835
352329
357976
351871
354222
354222
359074
359074
356228
348097
348097
161760
96530
342783
342783
333022
341884
338555
338555
338555
96530
156033
314995
336208
96530
96530
336208
96530
331916
189246
331916
149394
331875
331875
171011
332603
150081
332603
332603
336231
238844
336231
336872
346463
346463
96530
254887
345528
345528
338046
338046
338046
336555
328290
328290
331574
339429
339429
339429
339659
333680
342019
340557
96530
348989
353197
359671
351017
96530
355627
355627
355627
355627
363342
363342
175569
363342
258240
369794
369794
364270
364270
372575
372575
372575
375705
375867
296975
381952
375980
194017
379140
379140
102321
384976
383863
383863
379079
379079
371064
371064
371064
371064
371064
371064
371064
371064
376865
376865
376865
200802
378081
377248
96530
375150
210538
197871
372924
367756
367756
367756
367756
364543
93317
364543
373986
373986
265553
373986
383647
383647
383647
383647
383647
389683
111475
397013
397013
398271
93317
397799
397799
398754
398754
219447
398198
392511
392708
392708
385308
380917
380917
388408
389025
389025
280243
389025
389025
93317
108072
396094
396094
394530
281593
281593
400657
400657
400281
401152
401152
403178
226737
401953
401953
401953
405568
405568
409486
412605
412605
412605
412605
299173
412605
410101
410101
410101
407675
398353
398353
398353
398353
108187
398353
408251
400804
400804
400804
404027
404027
404027
412100
412100
414549
271268
99244
413601
119483
413601
413601
413601
413601
413601
208452
413601
116849
410967
404915
404915
405310
298080
413961
419275
419275
419275
425645
431899
93317
424502
424502
424502
433335
439477
439477
439477
439477
439477
434378
318497
434378
434378
